0 0.90380859375 0.0830078125 0.1220703125 0.166015625
0 0.8984375 0.44482421875 0.111328125 0.1787109375
0 0.8203125 0.42431640625 0.1162109375 0.177734375
0 0.73681640625 0.4091796875 0.1201171875 0.1748046875
0 0.650390625 0.38037109375 0.1171875 0.17578125
0 0.5673828125 0.3505859375 0.1181640625 0.1767578125
0 0.50146484375 0.33154296875 0.1201171875 0.1767578125
0 0.43212890625 0.3095703125 0.1181640625 0.17578125
0 0.35595703125 0.28564453125 0.123046875 0.1767578125
0 0.2177734375 0.25732421875 0.111328125 0.1826171875
0 0.1298828125 0.2314453125 0.1171875 0.1806640625