0 0.94921875 0.13623046875 0.1015625 0.1806640625
0 0.90234375 0.50048828125 0.111328125 0.1787109375
0 0.82763671875 0.4697265625 0.1162109375 0.177734375
0 0.7470703125 0.44287109375 0.1201171875 0.1748046875
0 0.66552734375 0.40234375 0.1171875 0.17578125
0 0.58740234375 0.361328125 0.1181640625 0.1767578125
0 0.52490234375 0.33349609375 0.1201171875 0.1767578125
0 0.45947265625 0.3017578125 0.1181640625 0.17578125
0 0.38720703125 0.267578125 0.123046875 0.1767578125
0 0.25439453125 0.22021484375 0.111328125 0.1826171875
0 0.1708984375 0.18212890625 0.1171875 0.1806640625