0 0.93310546875 0.10546875 0.1103515625 0.173828125
0 0.9013671875 0.47265625 0.099609375 0.171875
0 0.82470703125 0.44677734375 0.1044921875 0.1708984375
0 0.74267578125 0.42578125 0.1083984375 0.16796875
0 0.658203125 0.39111328125 0.10546875 0.1689453125
0 0.57763671875 0.35546875 0.1064453125 0.169921875
0 0.51318359375 0.33203125 0.1083984375 0.169921875
0 0.44580078125 0.30517578125 0.1064453125 0.1689453125
0 0.37109375 0.27587890625 0.111328125 0.1689453125
0 0.2353515625 0.23828125 0.099609375 0.17578125
0 0.1494140625 0.2060546875 0.10546875 0.173828125