9 0.818359375 0.46923828125 0.36328125 0.4423828125
5 0.478515625 0.45458984375 0.060546875 0.0927734375
5 0.4404296875 0.18310546875 0.0859375 0.0517578125
5 0.42138671875 0.1279296875 0.0869140625 0.0517578125
5 0.37646484375 0.0458984375 0.08203125 0.0517578125
5 0.02197265625 0.265625 0.0439453125 0.046875
5 0.009765625 0.22021484375 0.01953125 0.0380859375
5 0.03662109375 0.35693359375 0.0732421875 0.0537109375
5 0.04150390625 0.404296875 0.08203125 0.0556640625
5 0.06787109375 0.4794921875 0.0869140625 0.0517578125
5 0.08544921875 0.53662109375 0.0849609375 0.0556640625