9 0.8203125 0.47509765625 0.357421875 0.4365234375
5 0.4794921875 0.4541015625 0.05859375 0.091796875
5 0.44580078125 0.18212890625 0.0849609375 0.0498046875
5 0.427734375 0.12646484375 0.0859375 0.0498046875
5 0.38427734375 0.0439453125 0.0810546875 0.05078125
5 0.02392578125 0.25732421875 0.0478515625 0.0458984375
5 0.01220703125 0.21142578125 0.0244140625 0.0380859375
5 0.03759765625 0.3486328125 0.0751953125 0.052734375
5 0.04345703125 0.396484375 0.0810546875 0.0546875
5 0.068359375 0.47216796875 0.0859375 0.0498046875
5 0.0849609375 0.529296875 0.083984375 0.0546875