9 0.81201171875 0.50244140625 0.3759765625 0.4658203125
5 0.4833984375 0.45263671875 0.06640625 0.0966796875
5 0.4736328125 0.1787109375 0.0888671875 0.056640625
5 0.46044921875 0.12158203125 0.08984375 0.056640625
5 0.42431640625 0.03564453125 0.0849609375 0.0576171875
5 0.046875 0.216796875 0.0517578125 0.0498046875
5 0.0390625 0.169921875 0.02734375 0.0400390625
5 0.052734375 0.30908203125 0.0791015625 0.0595703125
5 0.05419921875 0.35693359375 0.0859375 0.0615234375
5 0.072265625 0.4345703125 0.08984375 0.056640625
5 0.083984375 0.4931640625 0.0888671875 0.0615234375