5 0.38671875 0.0771484375 0.091796875 0.06640625
5 0.52587890625 0.076171875 0.09375 0.05859375
5 0.64892578125 0.05224609375 0.0791015625 0.0556640625
5 0.66162109375 0.09912109375 0.0888671875 0.0625
5 0.5712890625 0.19091796875 0.064453125 0.09765625
5 0.7021484375 0.263671875 0.0830078125 0.0625
5 0.849609375 0.11865234375 0.056640625 0.0859375
5 0.91357421875 0.1005859375 0.064453125 0.0927734375
5 0.9599609375 0.1005859375 0.0634765625 0.09375
5 0.9892578125 0.08984375 0.021484375 0.087890625
5 0.97216796875 0.20654296875 0.0556640625 0.0615234375
5 0.98095703125 0.25634765625 0.0380859375 0.0478515625
5 0.9892578125 0.310546875 0.021484375 0.04296875
5 0.9638671875 0.36767578125 0.0595703125 0.0888671875
5 0.994140625 0.3603515625 0.01171875 0.044921875
5 0.78173828125 0.3662109375 0.099609375 0.0615234375
5 0.68115234375 0.39111328125 0.0888671875 0.0625
5 0.75390625 0.4306640625 0.0947265625 0.06640625
5 0.853515625 0.48681640625 0.09375 0.0634765625
5 0.87451171875 0.587890625 0.0859375 0.064453125
5 0.927734375 0.63818359375 0.0888671875 0.0576171875
5 0.8681640625 0.53076171875 0.0888671875 0.064453125
5 0.7333984375 0.51806640625 0.0830078125 0.0625
5 0.75732421875 0.56591796875 0.0927734375 0.06640625
5 0.767578125 0.623046875 0.091796875 0.0673828125
5 0.8193359375 0.66357421875 0.09375 0.0634765625
0 0.63720703125 0.91015625 0.2724609375 0.1796875
3 0.26171875 0.96923828125 0.17578125 0.0400390625