5 0.763671875 0.611328125 0.0673828125 0.048828125
5 0.77294921875 0.65673828125 0.0712890625 0.0498046875
5 0.79150390625 0.69873046875 0.0673828125 0.048828125
5 0.8046875 0.73779296875 0.087890625 0.068359375
5 0.818359375 0.79248046875 0.0849609375 0.05859375
5 0.8349609375 0.83984375 0.08984375 0.05859375
5 0.6318359375 0.69189453125 0.0576171875 0.0888671875
5 0.6630859375 0.7880859375 0.052734375 0.0849609375
5 0.68994140625 0.89599609375 0.05859375 0.0888671875
5 0.7177734375 0.97509765625 0.048828125 0.0498046875
5 0.62890625 0.9052734375 0.05859375 0.09765625
5 0.6455078125 0.9833984375 0.044921875 0.033203125
5 0.58154296875 0.7744140625 0.0478515625 0.08984375
5 0.46826171875 0.78759765625 0.0859375 0.052734375
5 0.47119140625 0.84228515625 0.076171875 0.0439453125
5 0.494140625 0.8837890625 0.09375 0.0556640625
5 0.5126953125 0.93505859375 0.0859375 0.0625
5 0.51904296875 0.98779296875 0.0849609375 0.0244140625