5 0.3359375 0.09375 0.0908203125 0.0654296875
5 0.4736328125 0.076171875 0.0927734375 0.0576171875
5 0.59326171875 0.03759765625 0.0791015625 0.0546875
5 0.61181640625 0.08251953125 0.087890625 0.060546875
5 0.53271484375 0.1845703125 0.0625 0.0966796875
5 0.671875 0.24072265625 0.08203125 0.060546875
5 0.80078125 0.0791015625 0.0546875 0.0859375
5 0.86181640625 0.05322265625 0.0634765625 0.091796875
5 0.908203125 0.04736328125 0.0625 0.0927734375
5 0.951171875 0.03759765625 0.05078125 0.0751953125
5 0.9443359375 0.14990234375 0.0771484375 0.060546875
5 0.95703125 0.19873046875 0.0556640625 0.046875
5 0.97021484375 0.25146484375 0.03515625 0.04296875
5 0.9443359375 0.31201171875 0.0576171875 0.087890625
5 0.9794921875 0.30029296875 0.021484375 0.044921875
5 0.76318359375 0.33251953125 0.0986328125 0.0595703125
5 0.6669921875 0.3701171875 0.087890625 0.060546875
5 0.74365234375 0.400390625 0.09375 0.0654296875
5 0.84912109375 0.44384765625 0.0927734375 0.0625
5 0.8828125 0.54150390625 0.0849609375 0.0625
5 0.94140625 0.5849609375 0.0888671875 0.056640625
5 0.869140625 0.4853515625 0.087890625 0.0625
5 0.73388671875 0.48974609375 0.08203125 0.060546875
5 0.76318359375 0.5341796875 0.091796875 0.0654296875
5 0.7802734375 0.58935546875 0.0908203125 0.06640625
5 0.8369140625 0.62353515625 0.0927734375 0.0625
0 0.6875 0.8994140625 0.26953125 0.1943359375
3 0.32080078125 0.98828125 0.1748046875 0.0234375