5 0.76904296875 0.59716796875 0.0654296875 0.0458984375
5 0.78076171875 0.64208984375 0.0693359375 0.0458984375
5 0.80126953125 0.68310546875 0.0654296875 0.0458984375
5 0.81689453125 0.7216796875 0.0849609375 0.064453125
5 0.8330078125 0.775390625 0.08203125 0.0546875
5 0.85205078125 0.82177734375 0.0869140625 0.0537109375
5 0.6416015625 0.6845703125 0.052734375 0.0859375
5 0.677734375 0.779296875 0.048828125 0.08203125
5 0.71044921875 0.8857421875 0.0537109375 0.0859375
5 0.74267578125 0.96923828125 0.0458984375 0.0595703125
5 0.64990234375 0.89794921875 0.0537109375 0.0947265625
5 0.6708984375 0.9794921875 0.04296875 0.0390625
5 0.595703125 0.76953125 0.04296875 0.087890625
5 0.4833984375 0.7890625 0.083984375 0.048828125
5 0.4892578125 0.84326171875 0.07421875 0.0400390625
5 0.51416015625 0.8837890625 0.0908203125 0.05078125
5 0.53564453125 0.93359375 0.0830078125 0.05859375
5 0.544921875 0.98779296875 0.083984375 0.0224609375