5 0.357421875 0.0859375 0.087890625 0.060546875
5 0.49609375 0.0751953125 0.08984375 0.052734375
5 0.6171875 0.04296875 0.076171875 0.05078125
5 0.63330078125 0.0888671875 0.0849609375 0.056640625
5 0.54931640625 0.1865234375 0.0576171875 0.09375
5 0.68505859375 0.25 0.0791015625 0.056640625
5 0.822265625 0.09521484375 0.05078125 0.0830078125
5 0.884765625 0.07275390625 0.05859375 0.0888671875
5 0.93115234375 0.0693359375 0.0576171875 0.08984375
5 0.9755859375 0.05615234375 0.046875 0.0849609375
5 0.9619140625 0.173828125 0.07421875 0.056640625
5 0.97216796875 0.22314453125 0.0537109375 0.0439453125
5 0.982421875 0.2763671875 0.033203125 0.041015625
5 0.95361328125 0.33544921875 0.0537109375 0.0849609375
5 0.9892578125 0.32568359375 0.01953125 0.0439453125
5 0.771484375 0.3466796875 0.095703125 0.0546875
5 0.67333984375 0.37890625 0.0849609375 0.056640625
5 0.74853515625 0.4130859375 0.0908203125 0.060546875
5 0.8515625 0.46240234375 0.08984375 0.0576171875
5 0.8798828125 0.5615234375 0.08203125 0.05859375
5 0.9365234375 0.60791015625 0.0859375 0.0517578125
5 0.86962890625 0.5048828125 0.0849609375 0.05859375
5 0.73388671875 0.501953125 0.0791015625 0.056640625
5 0.76123046875 0.5478515625 0.0888671875 0.060546875
5 0.775390625 0.60400390625 0.087890625 0.0615234375
5 0.830078125 0.64111328125 0.08984375 0.0576171875
0 0.66650390625 0.90869140625 0.2607421875 0.1806640625
3 0.294921875 0.98486328125 0.173828125 0.0283203125