5 0.74267578125 0.58837890625 0.0380859375 0.0830078125
5 0.68505859375 0.61328125 0.0556640625 0.0859375
5 0.63916015625 0.62841796875 0.0517578125 0.0869140625
5 0.59814453125 0.6552734375 0.0595703125 0.099609375
5 0.54150390625 0.68359375 0.0595703125 0.107421875
5 0.49072265625 0.70361328125 0.0576171875 0.1005859375
5 0.4404296875 0.72802734375 0.052734375 0.0810546875
5 0.48291015625 0.8759765625 0.0830078125 0.05078125
5 0.58203125 0.81005859375 0.0625 0.0869140625
5 0.625 0.8720703125 0.052734375 0.1015625
5 0.73291015625 0.82177734375 0.0615234375 0.0908203125
5 0.7724609375 0.9228515625 0.05859375 0.0859375
5 0.7197265625 0.9482421875 0.05859375 0.1015625
5 0.6640625 0.9599609375 0.0546875 0.078125
5 0.51708984375 0.93603515625 0.0908203125 0.0654296875
5 0.52734375 0.97216796875 0.083984375 0.0537109375
5 0.345703125 0.9833984375 0.0703125 0.03125
4 0.1474609375 0.53857421875 0.013671875 0.0205078125
4 0.126953125 0.5419921875 0.009765625 0.013671875
5 0.78466796875 0.71826171875 0.0849609375 0.0537109375
5 0.8095703125 0.76416015625 0.078125 0.0556640625
5 0.826171875 0.81103515625 0.07421875 0.0576171875