5 0.7470703125 0.57568359375 0.0419921875 0.0849609375
5 0.69091796875 0.603515625 0.060546875 0.0888671875
5 0.6455078125 0.62109375 0.056640625 0.08984375
5 0.60595703125 0.64990234375 0.064453125 0.1025390625
5 0.55126953125 0.68115234375 0.0654296875 0.1103515625
5 0.50146484375 0.70361328125 0.0625 0.103515625
5 0.45263671875 0.73095703125 0.056640625 0.083984375
5 0.50244140625 0.87646484375 0.0859375 0.0546875
5 0.59814453125 0.80517578125 0.0673828125 0.08984375
5 0.64453125 0.865234375 0.0576171875 0.1044921875
5 0.74951171875 0.80908203125 0.06640625 0.09375
5 0.79443359375 0.908203125 0.0634765625 0.0888671875
5 0.74267578125 0.93603515625 0.0634765625 0.1044921875
5 0.68798828125 0.95068359375 0.05859375 0.0810546875
5 0.5400390625 0.9345703125 0.09375 0.0703125
5 0.55224609375 0.97021484375 0.0869140625 0.0576171875
5 0.37109375 0.986328125 0.072265625 0.02734375
4 0.14990234375 0.55712890625 0.0146484375 0.021484375
4 0.1298828125 0.5615234375 0.0107421875 0.0146484375
5 0.7958984375 0.703125 0.087890625 0.0576171875
5 0.82275390625 0.74755859375 0.0810546875 0.0595703125
5 0.841796875 0.79345703125 0.0771484375 0.0615234375