5 0.7392578125 0.5966796875 0.041015625 0.083984375
5 0.68115234375 0.61962890625 0.05859375 0.087890625
5 0.634765625 0.63330078125 0.0546875 0.0888671875
5 0.5927734375 0.65869140625 0.0634765625 0.1015625
5 0.53515625 0.68505859375 0.0634765625 0.109375
5 0.4833984375 0.703125 0.0615234375 0.1025390625
5 0.4326171875 0.7255859375 0.0556640625 0.0830078125
5 0.4697265625 0.875 0.0849609375 0.0537109375
5 0.5712890625 0.8125 0.0654296875 0.0888671875
5 0.61181640625 0.8759765625 0.056640625 0.103515625
5 0.7216796875 0.82958984375 0.064453125 0.0927734375
5 0.75732421875 0.93212890625 0.0615234375 0.087890625
5 0.7041015625 0.95166015625 0.0625 0.0966796875
5 0.64794921875 0.96240234375 0.0576171875 0.0751953125
5 0.501953125 0.9365234375 0.0927734375 0.068359375
5 0.5107421875 0.97216796875 0.0859375 0.0556640625
5 0.3291015625 0.9775390625 0.0712890625 0.033203125
4 0.146484375 0.5263671875 0.0146484375 0.0205078125
4 0.12548828125 0.52880859375 0.009765625 0.013671875
5 0.77685546875 0.72802734375 0.0869140625 0.056640625
5 0.80029296875 0.77490234375 0.080078125 0.05859375
5 0.81494140625 0.822265625 0.076171875 0.060546875