3 0.453125 0.455078125 0.1083984375 0.1572265625
3 0.5537109375 0.45458984375 0.1005859375 0.1640625
3 0.14453125 0.36376953125 0.0966796875 0.2099609375
3 0.72265625 0.064453125 0.08203125 0.10546875
3 0.3046875 0.34814453125 0.1171875 0.109375
3 0.69677734375 0.77294921875 0.107421875 0.228515625
3 0.65673828125 0.94384765625 0.0908203125 0.1044921875
3 0.52978515625 0.92822265625 0.076171875 0.138671875
3 0.3466796875 0.85693359375 0.0888671875 0.162109375
3 0.21826171875 0.7900390625 0.08203125 0.1767578125
3 0.142578125 0.75927734375 0.0830078125 0.162109375
3 0.07861328125 0.68115234375 0.087890625 0.1474609375