3 0.45703125 0.451171875 0.111328125 0.1591796875
3 0.5576171875 0.45947265625 0.1025390625 0.1650390625
3 0.15771484375 0.33349609375 0.099609375 0.2109375
3 0.759765625 0.08544921875 0.083984375 0.107421875
3 0.31884765625 0.33154296875 0.1181640625 0.111328125
3 0.671875 0.7890625 0.111328125 0.23046875
3 0.6171875 0.95166015625 0.091796875 0.0966796875
3 0.4921875 0.92919921875 0.078125 0.140625
3 0.31640625 0.84228515625 0.0908203125 0.1630859375
3 0.1943359375 0.7646484375 0.0849609375 0.177734375
3 0.12158203125 0.72705078125 0.0849609375 0.1630859375
3 0.064453125 0.64404296875 0.08984375 0.1494140625