3 0.45458984375 0.45361328125 0.103515625 0.15380859375
3 0.55517578125 0.45654296875 0.0947265625 0.16064453125
3 0.1494140625 0.3515625 0.08935546875 0.20703125
3 0.73779296875 0.072265625 0.07861328125 0.10302734375
3 0.31005859375 0.34130859375 0.11328125 0.10546875
3 0.68701171875 0.77978515625 0.10009765625 0.22509765625
3 0.64111328125 0.94921875 0.0869140625 0.10107421875
3 0.5146484375 0.92919921875 0.0712890625 0.13671875
3 0.33447265625 0.8515625 0.0830078125 0.1591796875
3 0.20849609375 0.7802734375 0.076171875 0.17431640625
3 0.1337890625 0.74658203125 0.0771484375 0.1591796875
3 0.07275390625 0.66650390625 0.08251953125 0.14501953125