3 0.505859375 0.92919921875 0.08203125 0.1416015625
1 0.435546875 0.912109375 0.078125 0.17578125
3 0.376953125 0.1376953125 0.08984375 0.1357421875
3 0.60498046875 0.14306640625 0.0947265625 0.150390625
3 0.51123046875 0.2861328125 0.111328125 0.1865234375
3 0.65380859375 0.31494140625 0.080078125 0.1171875
3 0.53857421875 0.11328125 0.0888671875 0.1416015625
6 0.45556640625 0.1142578125 0.0830078125 0.154296875
3 0.359375 0.2509765625 0.076171875 0.0966796875
3 0.43408203125 0.26904296875 0.0859375 0.150390625
3 0.5908203125 0.28125 0.0712890625 0.1435546875
5 0.06103515625 0.88134765625 0.05859375 0.07421875