3 0.49853515625 0.92919921875 0.0791015625 0.1416015625
1 0.42822265625 0.91162109375 0.0751953125 0.1767578125
3 0.38330078125 0.1357421875 0.087890625 0.134765625
3 0.611328125 0.14501953125 0.091796875 0.1494140625
3 0.51513671875 0.28662109375 0.1083984375 0.185546875
3 0.6572265625 0.31787109375 0.078125 0.1162109375
3 0.54541015625 0.1142578125 0.0869140625 0.140625
6 0.46240234375 0.11328125 0.0810546875 0.1533203125
3 0.36376953125 0.24853515625 0.07421875 0.095703125
3 0.4384765625 0.26806640625 0.0830078125 0.1494140625
3 0.59423828125 0.28271484375 0.068359375 0.142578125
5 0.05419921875 0.8740234375 0.0576171875 0.0732421875