3 0.46826171875 0.93017578125 0.06982421875 0.1396484375
1 0.3994140625 0.90966796875 0.0625 0.1806640625
3 0.4091796875 0.12841796875 0.0791015625 0.12939453125
3 0.6357421875 0.15380859375 0.08203125 0.14404296875
3 0.52978515625 0.2880859375 0.095703125 0.17919921875
3 0.66943359375 0.3291015625 0.0703125 0.111328125
3 0.572265625 0.1181640625 0.07763671875 0.13525390625
6 0.4892578125 0.11181640625 0.07080078125 0.1484375
3 0.3818359375 0.23974609375 0.068359375 0.09130859375
3 0.45458984375 0.26416015625 0.0732421875 0.14501953125
3 0.609375 0.2900390625 0.05908203125 0.13916015625
5 0.029296875 0.841796875 0.052734375 0.06982421875