1 0.50830078125 0.1201171875 0.0244140625 0.06640625
8 0.74560546875 0.2763671875 0.07275390625 0.173828125
9 0.69677734375 0.0849609375 0.138671875 0.169921875
5 0.66162109375 0.8505859375 0.01953125 0.0185546875
5 0.68115234375 0.85546875 0.02001953125 0.021484375
5 0.71044921875 0.93408203125 0.02392578125 0.0224609375
5 0.76025390625 0.98974609375 0.0244140625 0.0205078125
5 0.59765625 0.7431640625 0.015625 0.0185546875
5 0.6142578125 0.74462890625 0.01708984375 0.021484375
5 0.54931640625 0.66162109375 0.02001953125 0.02685546875
5 0.5546875 0.6435546875 0.02392578125 0.0244140625
5 0.4951171875 0.56494140625 0.01806640625 0.0234375
5 0.5009765625 0.54541015625 0.0205078125 0.02490234375
5 0.46435546875 0.50439453125 0.01708984375 0.02880859375
5 0.43115234375 0.40771484375 0.02099609375 0.0234375
5 0.39697265625 0.373046875 0.01904296875 0.02294921875
5 0.36376953125 0.31640625 0.0146484375 0.01904296875
5 0.3544921875 0.2744140625 0.01611328125 0.0224609375
5 0.216796875 0.04150390625 0.015625 0.02099609375
5 0.23486328125 0.09423828125 0.013671875 0.02392578125
5 0.23974609375 0.07666015625 0.0146484375 0.0224609375
9 0.84765625 0.62890625 0.3046875 0.046875