1 0.48828125 0.1201171875 0.0283203125 0.0673828125
8 0.7333984375 0.263671875 0.08203125 0.177734375
9 0.67431640625 0.08154296875 0.1474609375 0.1630859375
5 0.6796875 0.841796875 0.0205078125 0.01953125
5 0.69970703125 0.845703125 0.021484375 0.0224609375
5 0.73291015625 0.92236328125 0.025390625 0.0234375
5 0.78564453125 0.9755859375 0.025390625 0.021484375
5 0.6103515625 0.73779296875 0.0166015625 0.01953125
5 0.626953125 0.73828125 0.0185546875 0.0224609375
5 0.5576171875 0.65869140625 0.021484375 0.0283203125
5 0.56201171875 0.640625 0.025390625 0.025390625
5 0.49853515625 0.56494140625 0.01953125 0.0244140625
5 0.50341796875 0.54541015625 0.021484375 0.0263671875
5 0.46484375 0.50634765625 0.0185546875 0.029296875
5 0.42626953125 0.41162109375 0.0224609375 0.0244140625
5 0.390625 0.37841796875 0.0205078125 0.0234375
5 0.3544921875 0.32373046875 0.015625 0.01953125
5 0.3427734375 0.2822265625 0.017578125 0.0234375
5 0.193359375 0.05712890625 0.0166015625 0.021484375
5 0.2138671875 0.10888671875 0.0146484375 0.0244140625
5 0.2177734375 0.0908203125 0.015625 0.0234375
9 0.85009765625 0.6103515625 0.2998046875 0.0625