1 0.5546875 0.1240234375 0.0322265625 0.0693359375
8 0.77099609375 0.30810546875 0.09375 0.181640625
9 0.74609375 0.11181640625 0.158203125 0.185546875
5 0.61767578125 0.86767578125 0.021484375 0.0205078125
5 0.63671875 0.875 0.0224609375 0.0234375
5 0.65576171875 0.95654296875 0.0263671875 0.025390625
5 0.5673828125 0.75341796875 0.017578125 0.0205078125
5 0.58349609375 0.7568359375 0.01953125 0.0234375
5 0.529296875 0.66650390625 0.0234375 0.029296875
5 0.53662109375 0.64892578125 0.0263671875 0.02734375
5 0.4873046875 0.56396484375 0.0205078125 0.025390625
5 0.49560546875 0.54541015625 0.0234375 0.02734375
5 0.4638671875 0.5 0.0205078125 0.0302734375
5 0.44287109375 0.39990234375 0.0234375 0.025390625
5 0.4130859375 0.361328125 0.021484375 0.025390625
5 0.38720703125 0.30126953125 0.0166015625 0.0205078125
5 0.38330078125 0.25830078125 0.0185546875 0.0244140625
5 0.27490234375 0.0107421875 0.0185546875 0.021484375
5 0.2861328125 0.06494140625 0.0166015625 0.025390625
5 0.29345703125 0.04833984375 0.017578125 0.0244140625
9 0.82958984375 0.67041015625 0.30859375 0.083984375